0.378 5.095
2.831 3.483
0.180 0.507
2.572 5.191
0.046 0.570
5.724 2.293
1.560 1.590
3.038 5.796
0.463 4.856
1.742 1.026
0.974 2.943
5.105 4.364
0.620 0.613
1.924 0.892
2.069 5.454
1.921 0.347
0.874 3.087
5.706 4.141
5.890 1.483
4.128 2.033
1.693 4.701
2.062 5.419
6.245 2.719
4.206 2.384
5.950 3.990
2.560 1.633
5.214 2.717
4.391 3.877
3.445 1.224
1.729 2.110
4.237 4.576
5.649 0.826
2.620 1.490
6.211 1.673
2.142 2.300
1.280 1.862
1.603 4.124
5.379 3.072
3.995 1.325
2.214 3.031
0.586 3.746
5.046 5.223
2.980 3.484
5.502 0.869
1.915 4.101
1.313 4.319
0.034 2.902
5.776 0.344
0.705 2.967
0.507 2.881
1.956 0.659
5.562 2.353
4.626 1.035
2.068 1.427
3.557 0.917
3.088 1.795
6.192 2.764
5.620 3.277
0.956 4.635
6.125 3.738
1.258 4.993
0.261 5.980
3.489 2.217
2.702 5.637
4.341 4.038
5.202 2.037
1.590 3.193
2.122 4.374
3.860 4.071
1.028 1.587
5.024 2.189
4.184 5.407
3.220 3.972
1.016 6.064
2.957 5.369
1.101 5.226
2.873 4.909
5.192 5.010
4.083 0.708
2.321 5.012
4.472 6.279
1.481 2.696
2.056 3.288
4.358 5.492
1.017 4.108
5.587 4.137
1.047 5.565
3.764 3.093
3.520 3.484
6.148 4.414
1.697 1.070
4.242 2.323
1.823 4.900
1.267 4.542
1.321 5.950
2.483 0.520
0.345 0.096
5.917 5.217
0.422 6.172
5.363 2.887
2.363 4.170
2.438 3.764
0.658 0.764
2.275 4.843
4.275 4.912
0.147 0.583
2.313 5.305
0.672 5.492
3.813 5.247
6.166 2.724
0.813 1.397
4.392 4.533
4.896 0.735
2.293 0.184
3.621 2.604
3.101 0.698
2.695 2.486
4.119 1.719
0.765 0.055
1.722 0.209
1.256 3.372
1.717 5.169
3.580 6.060
0.446 2.808
3.513 6.123
0.784 3.402
5.130 5.328
1.770 0.500
1.597 2.213
5.250 1.605
0.557 5.555
5.421 1.629
1.405 0.801
3.911 3.301
4.348 4.539
3.924 4.459
3.019 3.844
1.899 0.539
5.680 4.043
2.133 1.415
1.576 0.914
0.533 4.411
2.296 5.392
5.659 5.519
2.649 0.579
1.309 3.954
5.680 4.807
2.680 0.903
1.306 0.453
4.452 2.741
2.815 0.982
3.104 3.304
5.276 2.897
2.862 5.160
3.358 3.959
5.539 0.695
0.865 3.743
2.042 1.195
1.337 2.773
3.823 5.250
4.449 0.671
1.940 0.080
3.894 5.352
0.048 0.758
2.582 3.447
1.098 5.896
5.779 2.460
1.437 1.482
5.578 6.117
1.983 5.740
6.045 3.058
0.817 3.075
5.735 5.565
5.231 3.473
1.442 1.887
0.908 0.118
5.893 5.579
5.479 3.686
1.466 5.471
2.701 5.190
3.777 1.289
4.102 0.858
2.493 3.222
2.340 2.468
5.433 2.530
5.245 4.430
5.630 2.893
5.770 1.738
3.225 3.593
5.708 3.017
5.557 6.246
3.421 3.897
0.062 0.043
1.539 2.227
0.749 0.583
2.536 5.600
2.874 4.598
3.860 2.712
3.092 1.697
5.284 3.471
3.701 1.726
0.257 4.411
4.811 5.032
2.054 5.967
5.383 5.552
4.530 3.753
2.653 5.603
1.207 0.868
3.830 0.186
4.982 0.235
5.006 4.053
3.898 5.142
6.262 0.398
5.854 4.869
2.447 3.236
5.507 5.491
4.074 0.461
1.180 1.182
1.246 1.422
2.780 5.992
1.093 0.113
3.868 5.108
4.460 3.147
0.354 1.412
3.297 0.416
3.783 3.923
0.143 2.077
1.237 1.916
5.197 0.320
0.883 1.068
1.390 4.577
1.693 0.475
0.413 4.870
4.969 1.792
4.319 1.349
0.293 2.937
4.480 1.345
3.119 5.735
5.712 4.544
4.477 0.539
5.983 2.050
1.153 3.504
2.473 3.072
5.868 2.488
2.385 1.822
4.489 5.200
2.030 1.488
3.974 2.353
1.032 5.760
1.639 1.427
5.116 1.614
0.371 1.706
4.814 0.935
1.594 4.773
0.049 1.875
1.451 2.589
5.729 3.620
2.386 0.183
0.339 1.214
1.131 4.708
0.275 4.865
3.853 6.269
5.557 1.595
6.029 3.731
0.008 0.145
1.134 2.850
0.241 0.306
5.855 2.130
3.439 0.349
0.340 4.536
0.913 1.566
2.364 4.689
1.400 4.747
6.278 6.154
2.441 3.272
5.368 2.449
3.048 2.972
3.669 4.449
3.974 1.963
4.155 0.051
6.268 4.366
1.278 5.418
6.276 2.160
2.375 3.274
0.192 5.772
0.397 4.425
5.954 2.162
3.828 2.520
2.657 5.891
0.978 4.163
4.935 5.091
1.522 2.069
0.635 4.356
4.495 0.053
4.456 3.420
1.271 6.160
5.726 4.022
2.128 0.638
1.482 0.360
2.063 5.460
4.788 0.032
3.649 2.649
1.706 2.774
1.204 3.993
3.586 0.874
3.865 1.370
0.343 6.183
3.462 2.791
1.790 5.605
5.953 0.729
3.887 2.770
3.600 0.883
0.297 0.428
2.703 5.989
3.443 0.831
4.398 5.127
5.961 2.944
5.982 5.062
5.034 0.021
6.053 2.614
4.865 0.227
2.335 5.460
3.796 2.433
0.763 0.611
1.783 3.828
4.766 2.270
3.033 1.110
6.177 2.287
2.151 0.777
4.552 5.939
5.228 3.140
0.063 1.697
1.529 5.228
4.590 3.647
0.223 5.590
1.234 6.190
3.205 5.878
3.229 1.667
4.425 3.332
2.862 2.987
0.109 3.907
2.152 3.567
4.736 4.956
2.157 0.208
2.902 0.616
2.855 2.438
5.458 2.544
3.975 3.415
3.417 6.199
2.545 0.231
4.336 3.305
4.507 0.746
3.971 3.108
3.054 5.915
2.437 5.796
4.742 0.078
4.455 2.046
3.232 1.087
4.667 1.231
1.967 6.167
0.021 5.019
1.588 2.314
0.695 3.704
3.577 3.197
5.972 1.931
0.408 3.815
5.200 1.642
3.442 0.831
4.354 3.610
2.329 0.675
2.635 1.950
4.980 1.357
1.016 2.195
2.601 2.891
3.067 3.220
3.588 4.055
4.790 5.108
0.844 0.510
4.940 5.132
1.686 4.025
0.389 0.895
0.022 0.097
3.973 1.154
2.891 5.897
0.123 4.764
2.949 2.386
0.358 1.269
0.569 2.420
6.091 3.227
4.768 5.584
2.191 3.144
5.359 4.354
3.297 0.348
0.403 2.631
3.652 3.397
1.510 2.263
3.933 1.217
0.565 6.244
1.287 1.772
2.788 2.872
4.267 0.414
6.196 4.145
2.649 0.734
5.934 3.654
0.784 0.652
1.052 4.432
3.802 0.556
0.201 4.324
4.879 2.938
4.531 0.791
5.448 5.680
0.283 5.270
3.970 5.225
6.096 5.271
4.583 2.367
3.733 0.509
4.080 6.146
1.064 4.255
1.347 1.962
5.509 0.230
2.829 0.900
0.517 0.134
0.201 1.520
4.641 5.654
3.339 4.815
4.860 5.679
3.909 0.940
4.728 4.420
3.168 3.924
0.659 3.707
4.118 3.316
2.267 5.382
2.746 2.499
0.478 5.589
2.654 1.248
3.649 5.021
5.445 0.965
0.583 5.873
5.221 5.582
3.300 6.255
0.625 3.860
1.851 2.847
0.669 0.457
1.099 3.650
3.785 4.051
3.615 3.860
1.651 0.875
5.679 5.719
1.086 2.282
4.088 6.259
3.984 1.784
6.055 2.526
2.028 4.899
0.274 5.151
3.815 4.457
1.431 2.182
3.464 0.130
3.203 3.787
2.424 3.271
2.020 5.984
2.706 2.932
5.843 3.523
5.864 3.951
4.194 5.865
1.064 1.340
0.788 2.696
5.001 2.406
0.087 2.642
0.228 5.704
0.406 0.692
3.321 1.516
3.619 5.151
1.711 0.538
1.730 1.236
4.451 0.750
3.728 2.676
3.749 0.185
0.865 1.871
4.138 5.933
4.231 1.664
4.502 6.120
4.958 0.776
4.272 0.170
5.152 1.545
5.334 1.203
0.440 5.052
4.960 4.522
5.729 3.455
5.004 2.583
3.788 3.385
0.822 5.221
5.456 4.830
4.271 5.563
2.448 6.265
0.649 1.853
2.432 4.215
0.611 6.024
0.837 4.896
4.058 2.648
0.575 2.792
4.427 1.182
1.947 5.050
2.922 6.214
0.137 2.092
1.852 0.869
1.596 0.856
1.563 4.610
0.151 4.268
2.146 2.639
6.230 1.021
0.735 5.172
5.829 5.612
5.471 0.503
2.010 4.957
6.036 3.031
4.712 1.468
3.930 0.866
2.615 3.250
2.305 5.209
1.155 0.137
0.806 0.444
3.527 0.469
5.405 3.696
5.641 1.565
0.309 2.990
0.540 0.237
4.698 3.766
1.338 2.965
2.764 3.517
1.253 5.863
0.829 5.792
4.236 5.443
3.315 3.878
0.151 5.796
3.575 1.561
0.834 4.999
3.304 3.293
0.923 5.710
3.318 3.703
6.005 2.122
4.219 0.442
6.040 1.054
3.463 3.361
0.185 5.856
1.742 2.848
4.169 3.302
0.859 4.737
0.637 0.837
1.503 5.708
0.773 3.014
5.074 3.103
2.685 1.272
0.639 1.034
2.868 5.762
4.440 4.204
0.348 1.358
4.621 2.845
5.850 6.258
6.226 3.639
5.396 6.118
5.923 2.788
5.731 2.784
4.043 3.312
4.105 5.531
1.225 5.289
4.901 3.525
2.015 2.500
4.429 1.958
5.829 1.015
0.381 2.513
5.194 0.184
1.165 3.960
1.939 6.144
0.943 4.801
4.959 3.532
5.751 3.565
1.901 1.170
1.383 3.631
2.054 0.048
0.561 2.891
4.600 3.070
3.500 3.861
3.586 2.648
5.670 3.312
1.965 1.480
1.231 1.592
0.119 6.108
0.729 2.525
1.902 1.354
6.283 1.094
4.075 3.575
2.145 4.522
2.615 0.563
2.256 4.284
6.097 4.505
2.595 5.882
3.722 4.840
3.054 5.806
0.392 3.090
2.535 4.901
5.280 5.276
0.748 2.780
1.617 2.010
5.016 5.229
0.541 3.956
5.174 1.255
0.057 5.282
5.613 5.693
6.272 1.075
0.174 2.159
4.574 1.043
5.701 3.244
5.349 5.852
2.172 3.402
1.156 4.422
4.887 2.513
4.402 0.530
5.298 2.699
5.664 3.489
5.586 4.499
0.363 2.113
5.017 1.007
0.590 4.369
1.549 3.124
0.611 3.403
5.872 5.656
3.596 6.102
4.172 2.374
4.227 0.378
2.858 5.284
4.134 3.790
0.872 5.297
5.625 4.088
5.020 3.317
0.652 0.514
4.450 2.583
0.751 5.902
5.556 5.186
4.487 6.250
4.440 2.946
5.738 5.208
4.394 2.095
1.852 4.182
2.589 2.064
3.496 5.435
6.249 2.685
0.725 5.123
2.055 4.435
3.605 1.903
5.088 2.138
6.220 0.736
1.205 1.999
6.179 5.727
4.281 2.068
3.754 4.498
1.500 4.178
4.633 2.687
0.301 4.523
4.980 1.816
4.080 4.655
4.311 5.512
5.748 3.694
1.315 0.333
2.054 5.471
6.031 4.347
0.013 1.412
3.959 3.475
1.391 1.304
3.209 0.904
1.136 3.344
1.084 3.311
0.337 3.588
5.838 5.319
2.267 5.357
5.626 0.840
0.021 5.361
0.452 3.657
2.476 5.808
5.970 4.433
2.981 3.105
5.492 0.463
5.225 2.625
0.030 0.748
0.062 4.666
3.118 2.317
5.401 1.546
4.823 0.689
2.421 4.666
5.119 5.496
3.335 1.697
1.505 3.591
1.455 2.670
0.552 6.027
3.642 4.671
3.549 4.889
0.271 1.814
1.600 0.434
3.293 4.806
2.444 5.839
4.500 1.093
1.534 3.437
5.709 1.339
5.246 3.465
0.978 0.062
3.125 1.577
3.582 0.458
3.956 4.629
0.968 2.056
2.482 4.267
4.466 5.887
2.625 0.264
3.947 2.109
4.532 4.688
4.589 4.161
2.009 4.444
0.805 4.427
2.667 4.372
1.871 6.085
2.795 3.881
4.717 1.285
4.160 1.613
5.380 2.599
0.511 4.512
1.674 4.428
2.684 2.080
4.920 3.060
1.084 4.372
1.460 2.341
2.637 1.766
1.042 3.599
0.627 2.555
0.418 6.074
1.218 5.886
1.333 3.675
4.534 2.499
0.354 2.022
1.869 5.057
1.101 1.366
1.938 1.333
3.107 0.340
2.573 4.974
2.908 2.008
2.241 1.071
5.790 3.633
0.875 2.442
5.820 4.756
2.252 2.096
5.741 4.292
1.279 3.306
2.777 4.387
3.128 6.233
1.080 5.387
2.185 4.821
5.214 1.306
4.283 0.123
5.927 2.408
0.689 3.017
2.393 3.227
5.598 5.311
1.673 4.361
5.328 1.415
5.419 5.482
5.980 1.016
1.613 2.616
4.724 5.838
6.126 3.633
0.042 0.318
1.207 2.770
6.091 5.556
3.904 0.266
5.647 4.496
3.893 4.494
0.220 0.328
1.002 5.154
2.491 0.529
2.724 2.701
2.041 1.028
0.383 3.709
2.734 1.831
5.096 2.921
2.860 6.191
6.282 1.136
2.549 0.796
3.132 3.783
4.640 4.590
1.360 5.710
2.081 3.536
4.490 1.699
4.518 0.366
2.690 4.447
3.874 3.033
1.481 0.599
4.932 5.139
3.813 1.491
1.321 2.834
3.751 5.331
2.005 3.292
5.356 1.745
4.787 2.991
1.004 3.494
1.796 1.408
1.070 0.074
1.787 2.925
6.259 5.061
2.638 2.991
2.615 2.147
4.971 3.024
1.970 5.682
1.386 5.730
2.993 2.156
4.278 5.293
2.016 4.817
0.007 0.732
2.316 1.311
0.365 3.040
5.230 4.822
4.205 4.942
6.180 0.429
3.121 1.770
5.284 1.219
1.994 3.752
1.929 3.088
1.136 6.122
1.642 6.030
1.404 1.124
3.813 2.187
5.702 5.218
1.514 0.650
4.742 1.051
1.347 3.692
1.060 4.410
4.717 3.144
1.902 6.015
3.561 2.618
3.595 0.652
5.955 1.577
0.578 0.907
2.419 1.904
2.773 0.914
2.183 1.524
4.830 1.731
0.308 5.304
1.161 3.812
2.473 4.661
2.903 0.459
1.752 5.138
1.269 1.149
1.444 1.791
1.843 2.217
3.883 5.967
5.801 2.018
6.052 4.297
2.977 1.841
3.183 0.473
4.958 5.982
2.587 4.822
4.137 5.466
3.775 1.125
3.785 1.443
3.198 2.811
2.533 2.351
3.413 4.406
4.365 1.227
4.234 3.811
1.051 4.431
1.842 5.311
0.682 0.086
2.499 6.054
3.228 2.759
6.126 0.216
5.447 1.301
5.132 4.754
4.532 2.931
4.080 3.250
0.773 5.060
5.538 1.067
5.347 3.551
1.310 4.987
6.070 0.926
2.343 4.077
0.071 3.292
2.012 2.527
1.828 1.001
3.500 3.380
1.728 4.789
3.107 1.528
4.386 4.183
1.245 5.618
3.260 0.619
0.216 1.062
4.069 5.265
5.714 0.606
1.560 1.892
5.449 5.936
2.168 3.179
5.204 3.696
4.245 4.008
4.590 5.565
1.729 3.062
2.703 4.015
4.257 4.970
1.850 1.765
5.828 2.660
2.494 3.556
1.557 4.615
6.084 2.940
1.724 4.894
5.899 3.856
5.117 4.242
3.417 2.099
5.068 0.048
1.234 2.276
4.929 1.592
2.131 2.097
3.525 1.061
2.867 1.973
3.416 2.347
0.132 0.527
5.263 5.461
5.645 3.155
2.150 5.741
0.941 0.729
2.852 1.655
1.688 5.939
1.249 1.296
4.724 1.306
2.445 1.719
5.655 5.730
2.433 3.558
4.390 0.125
1.367 0.429
5.132 5.556
6.114 0.901
5.794 3.452
3.155 3.748
3.505 4.208
4.872 2.565
2.796 3.539
5.771 3.521
1.137 5.853
5.506 5.089
2.417 0.811
4.497 5.895
4.942 3.280
5.944 3.960
3.161 2.471
4.113 3.635
4.604 1.627
3.157 4.933
1.752 0.741
0.172 3.587
0.914 6.256
4.713 1.449
4.538 4.372
3.602 2.487
0.537 4.358
3.496 2.576
5.328 5.669
1.805 5.967
2.249 1.074
4.230 0.130
3.448 4.625
5.163 2.588
0.949 3.172
0.160 2.311
3.735 0.831
2.728 4.910
2.695 4.539
2.961 4.786
5.078 0.702
4.091 4.059
4.092 0.920
0.619 0.603
0.173 0.776
3.850 1.999
1.375 4.404
2.978 5.490
1.315 5.788
4.604 3.133
4.564 2.177
3.390 2.624
3.666 5.435
4.532 3.711
0.938 1.991
1.955 0.239
4.402 1.504
5.794 3.299
4.122 2.574
0.426 0.771
2.982 3.549
5.924 0.510
2.320 3.930
4.781 1.975
0.239 3.517
2.877 2.885
0.178 1.903
0.841 4.816
1.247 1.273
0.935 5.905
4.981 5.031
4.144 2.629
5.592 5.946
0.793 3.691
3.558 4.170
0.048 5.150
2.431 1.380
1.393 1.839
5.379 5.917
4.607 2.153
0.393 3.490
0.996 3.676
1.875 4.389
6.111 1.962
3.791 1.286
0.949 1.687
1.460 1.325
2.486 5.816
1.403 5.148
0.875 2.690
4.571 4.965
3.919 1.678
4.920 3.569
4.355 2.865
1.052 2.061
3.679 4.799
2.406 3.898
2.921 2.581
0.612 1.288
3.124 0.624
1.758 3.154
4.268 5.918
4.969 5.891
4.427 3.253
2.080 2.289
3.263 0.885
0.342 5.383
0.946 1.870
0.101 2.545
1.229 0.766
1.903 5.633
0.938 5.724
2.707 5.686
6.206 4.019
3.862 2.444
5.349 1.926
3.318 3.605
4.522 1.709
5.499 4.698
1.487 5.669
0.949 0.191
4.109 2.527
2.627 3.310
1.126 0.266
1.903 0.260
1.276 1.096
3.709 0.643
2.716 4.488
2.853 0.360
3.052 4.978
4.493 1.104
5.636 4.518
2.517 1.114
2.728 5.638
4.703 2.255
3.108 3.847
2.848 3.366
2.518 3.160
4.057 0.463
0.797 0.420
0.479 3.347
4.954 5.761
6.264 2.852
0.859 1.349
1.209 3.883
4.567 2.860
4.246 4.517
0.485 2.464
0.095 2.874
6.054 6.127
0.088 1.616
5.783 1.057
2.541 6.194
1.941 5.370
1.488 2.491
1.079 2.180
1.782 0.449
0.023 0.791
2.527 3.359
4.681 4.440
5.099 3.841
2.910 1.396
6.226 6.009
5.831 4.841
4.287 4.868
1.599 2.611
2.126 4.866
3.372 5.823
0.371 1.660
2.728 2.819
5.372 3.712
5.326 4.732
2.751 4.746
2.968 3.781
3.265 3.933
1.998 3.488
0.896 3.027
1.170 5.429
0.464 5.841
2.942 5.889
4.426 0.788
2.394 5.792
6.283 2.786
0.523 5.349
5.821 4.810
1.868 1.647
1.393 2.753
3.244 4.465
2.368 0.291
5.817 0.842
0.202 3.256
1.583 4.985
2.445 4.614
4.238 0.056
2.765 3.702
4.449 6.281
3.925 4.024
5.222 1.189
2.441 2.117
2.621 2.091
0.891 2.517
3.505 0.809
4.971 3.490
1.920 6.214
2.027 0.906
0.941 0.145
0.874 2.335
5.379 4.028
3.201 0.734
1.286 3.031
0.815 2.606
4.530 2.093
0.260 2.187
4.673 3.163
0.594 1.879
3.649 0.852
4.241 5.615
1.407 0.854
5.845 1.322
0.278 0.103
5.468 6.253
5.434 4.544
3.533 3.491
1.912 1.156
0.702 6.277
4.912 3.840
6.071 4.133
3.706 1.812
1.893 1.126
4.186 0.083
1.111 2.853
3.977 3.630
0.766 1.488
2.523 2.260
1.617 5.899
2.990 2.761
4.296 2.594
3.544 0.478
5.333 4.173
2.757 1.039
5.108 1.311
4.075 4.980
2.291 2.858
5.633 3.131
3.427 0.972
1.315 2.992
4.562 3.024
6.081 4.012
4.978 1.842
0.481 3.602
5.172 1.649
6.205 4.607
2.784 4.094
6.166 5.102
3.926 1.326
2.815 2.794
6.034 0.188
5.785 4.732
4.037 4.485
4.925 3.419
3.743 4.780
2.378 5.276
2.142 1.210
3.807 2.388
0.583 3.151
0.767 5.241
0.235 2.351
2.093 0.001
4.610 5.827
4.990 1.921
0.739 3.684
0.200 0.883
3.740 4.055
4.750 2.069
0.860 3.874
5.542 5.105
0.503 3.341
4.010 0.004
1.299 5.743
1.217 4.521
3.723 1.634
5.588 1.713
0.044 5.713
4.510 2.859
4.623 5.591
5.202 1.603
1.885 4.102
1.218 0.635
1.214 4.973
3.865 3.320
5.468 3.832
4.100 1.911
2.815 1.404
0.039 5.132
5.677 1.359
6.115 1.179
5.201 6.181
5.872 4.332
0.101 1.967
0.547 5.433
3.935 1.237
5.456 4.389
6.189 1.752
3.932 2.973
1.374 2.777
1.267 2.072
1.567 3.568
2.784 2.146
3.094 1.405
0.709 3.693
5.341 3.511
4.960 3.625
4.175 3.958
5.291 5.779
2.501 5.033
5.988 0.139
5.506 4.494
4.703 1.112
2.873 1.989
5.730 6.025
0.895 6.275
3.477 3.016
4.202 0.006
3.957 1.130
2.899 1.334
5.044 0.125
5.472 1.676
0.196 0.951
3.219 5.850
4.649 4.960
4.990 2.277
3.695 5.141
5.959 0.841
2.334 4.844
3.007 0.896
0.210 4.346
1.058 4.427
4.285 4.111
5.198 6.138
1.140 6.019
5.836 5.146
3.603 6.242
2.670 5.709
2.273 1.596
2.228 3.502
2.534 4.726
3.807 5.404
2.227 6.040
2.539 3.700
3.301 2.935
3.162 4.046
0.985 3.209
2.365 0.638
0.207 3.558
3.503 1.593
1.991 5.868
3.638 0.724
4.173 1.771
1.808 0.715
0.539 3.685
0.577 2.188
0.546 4.592
4.595 2.802
4.079 2.852
0.414 2.400
0.848 3.592
2.833 1.600
1.074 3.299
0.794 3.638
1.794 4.949
2.839 2.915
2.244 4.853
0.564 6.149
0.132 6.207
2.361 5.741
4.652 4.068
4.854 5.300
6.208 4.646
2.545 0.480
5.480 1.079
3.097 5.595
4.467 2.246
3.270 4.791
6.045 0.422
4.835 0.749
3.737 3.581
4.431 2.741
1.382 2.105
1.420 5.954
5.997 0.929
1.251 1.042
3.060 2.181
2.921 2.536
1.149 4.763
2.752 4.771
4.642 1.479
4.466 4.755
5.767 3.239
5.346 3.676
2.566 4.889
3.571 5.557
3.281 2.698
2.710 4.073
4.029 0.661
3.810 0.393
4.764 1.035
1.378 2.026
3.011 1.907
2.368 3.457
4.276 0.954
0.286 1.697
0.914 0.081
3.813 3.228
5.593 5.146
1.913 3.535
2.439 1.520
0.992 1.692
2.678 2.082
1.802 4.408
2.336 5.598
5.904 2.807
2.290 4.143
2.252 0.415
2.316 3.934
6.082 2.246
1.717 0.447
2.181 1.125
4.539 6.262
1.004 4.860
2.712 6.032
3.666 1.067
2.286 1.723
5.316 4.560
6.130 3.310
5.542 6.268
1.260 1.555
3.214 0.705
4.143 5.621
3.190 4.326
3.141 4.605
2.345 2.058
6.148 4.932
1.266 4.001
2.291 0.889
1.538 0.700
3.505 3.616
1.811 2.217
5.484 1.766
3.533 1.974
1.130 2.208
2.779 0.258
4.259 1.577
1.976 2.550
3.459 2.837
1.778 2.543
6.086 5.792
5.105 3.751
2.959 5.016
2.603 3.834
0.986 5.870
6.202 1.689
3.361 1.730
0.389 0.591
1.643 5.001
2.212 4.538
0.978 3.565
3.050 3.020
1.247 5.005
4.114 2.344
5.446 3.530
3.155 4.107
0.309 0.370
1.805 5.402
1.959 0.115
2.611 1.743
3.772 3.358
1.088 1.341
3.621 1.417
2.978 3.114
0.863 1.604
1.214 0.148
3.152 2.578
4.338 2.605
3.853 0.051
1.136 5.851
1.768 2.636
5.035 1.526
3.329 5.866
5.150 1.940
4.873 0.225
1.562 4.159
0.905 0.970
0.042 2.431
4.187 4.531
4.934 1.865
2.091 4.386
2.384 2.950
1.826 5.157
1.050 2.140
4.347 2.680
1.543 5.349
2.032 5.117
0.390 5.085
4.805 0.114
5.217 2.780
1.635 3.582
6.192 4.498
5.404 2.194
2.321 6.122
2.090 5.310
0.772 1.821
2.214 2.443
0.578 2.316
1.498 0.447
3.064 0.824
0.363 5.277
3.393 1.634
2.500 5.833
0.038 0.429
4.126 1.975
0.653 0.503
3.254 2.855
4.153 3.964
4.115 6.188
4.141 4.239
3.522 2.552
1.388 2.093
3.610 1.017
1.308 5.545
3.713 5.150
0.414 3.236
0.915 4.271
6.214 2.236
5.063 0.583
1.999 5.291
5.956 2.011
2.273 4.619
2.843 5.226
4.648 5.885
0.512 1.958
3.564 3.310
3.902 4.521
0.698 1.759
4.067 6.110
0.125 0.543
0.594 0.123
1.255 4.531
3.055 0.946
4.960 0.737
4.675 2.517
2.470 2.165
2.967 4.670
4.265 4.285
3.446 3.878
4.841 4.468
4.938 3.013
4.888 5.394
0.387 0.087
5.374 0.947
2.467 3.754
5.898 2.375
0.346 0.516
3.018 1.830
6.226 5.312
4.318 3.506
1.266 2.103
6.139 1.734
3.058 2.676
1.795 3.620
4.340 2.316
2.776 6.135
5.375 4.472
2.798 3.729
6.182 0.381
1.645 0.106
4.731 5.946
3.035 3.609
4.380 5.544
3.289 0.575
5.350 5.726
3.021 5.719
0.119 1.244
2.364 5.435
5.756 3.351
3.766 3.715
0.404 1.461
1.717 1.328
4.079 5.922
1.622 3.059
2.235 0.683
1.095 1.799
3.812 4.392
5.263 5.439
4.661 2.859
4.810 4.190
0.183 5.375
0.745 4.789
0.631 4.396
5.647 6.151
4.685 2.772
4.942 0.854
0.817 5.015
5.646 0.203
3.598 2.163
3.011 0.344
3.551 4.019
1.308 6.057
0.631 4.923
2.902 5.755
1.527 0.535
3.367 2.749
5.493 4.343
5.031 0.869
0.041 1.250
4.404 4.132
2.049 5.334
3.763 2.540
1.812 5.210
2.362 4.028
4.747 1.666
0.259 0.557
0.993 3.787
1.638 3.531
2.827 0.961
4.842 4.834
2.936 2.513
4.374 2.950
6.241 6.270
4.729 1.484
3.731 5.050
0.772 1.887
5.580 3.320
2.587 5.535
1.649 2.962
4.825 3.906
2.935 1.997
5.665 4.924
1.213 0.051
5.410 4.219
2.792 5.767
0.903 0.436
4.435 1.095
1.398 3.057
3.571 0.742
3.563 0.488
5.009 1.453
5.580 4.175
6.279 0.674
3.944 5.797
2.054 2.378
6.016 1.669
5.559 0.287
4.509 3.475
0.482 5.939
3.710 2.650
6.228 4.000
4.458 1.297
0.781 5.077
2.744 0.864
4.723 2.521
4.872 1.474
5.897 3.239
0.893 1.757
4.772 1.585
4.452 3.515
5.804 2.854
4.535 1.936
1.621 6.216
6.219 6.067
6.069 2.421
0.253 4.686
3.198 0.066
0.116 1.666
4.442 0.189
4.334 3.513
0.803 3.541
3.205 5.695
0.730 1.017
5.206 4.897
5.254 0.955
2.680 0.063
1.254 5.597
0.418 0.152
3.326 5.568
4.925 2.584
2.313 4.584
4.257 4.985
2.823 3.389
1.516 6.012
4.802 0.682
4.483 1.034
4.664 4.150
4.272 0.479
0.225 0.681
2.971 2.290
0.785 0.611
1.256 2.888
1.823 1.320
0.334 4.605
3.376 0.267
1.894 3.332
4.179 3.822
1.220 4.798
1.241 2.610
4.769 2.073
3.726 0.142
2.325 2.111
2.404 5.795
0.236 4.329
0.652 1.473
1.992 2.965
1.045 1.226
2.376 1.313
0.307 1.139
5.535 0.545
1.795 2.784
5.615 5.928
1.648 1.835
5.125 6.141
5.368 1.043
6.066 0.934
4.979 1.080
3.055 5.655
5.501 0.481
0.222 3.179
1.834 2.275
1.405 4.807
0.446 6.209
0.773 3.781
4.343 4.011
6.028 1.866
1.316 0.373
4.668 3.797
4.853 5.228
5.796 0.172
5.706 4.748
5.942 5.735
2.180 0.929
1.340 3.469
5.299 2.093
0.154 0.832
0.515 3.609
3.961 3.472
3.649 3.140
5.916 0.412
3.978 5.918
2.615 1.055
0.950 4.449
5.011 1.121
2.123 3.433
0.879 4.197
3.802 4.006
5.267 0.693
5.969 1.251
2.450 5.467
3.020 3.615
1.906 4.208
3.807 0.615
4.425 0.766
1.747 0.922
5.589 5.117
6.210 2.992
5.133 1.990
0.810 4.802
5.247 5.311
2.826 4.098
1.080 1.756
5.914 6.063
5.394 4.087
3.845 2.694
0.091 1.232
5.503 5.836
5.122 5.869
3.147 5.096
1.654 3.599
5.666 3.519
0.468 2.375
5.944 0.391
3.080 4.075
0.507 0.105
1.897 4.700
3.026 1.935
4.142 5.434
3.488 2.177
1.659 2.163
3.469 2.232
4.329 1.193
1.738 4.566
2.742 0.377
3.659 4.792
5.628 4.464
4.978 2.649
1.335 3.178
2.392 6.215
6.017 6.119
2.574 2.106
3.314 1.016
1.420 0.291
1.588 5.265
5.468 4.524
5.050 5.783
4.345 1.488
0.392 5.209
4.505 1.859
4.548 2.031
5.488 5.931
2.193 3.955
4.200 5.504
5.304 5.204
4.999 1.850
2.829 0.834
0.833 1.898
2.541 3.255
4.329 6.009
1.807 3.670
3.782 1.627
0.900 3.640
2.485 3.987
5.344 5.911
5.648 4.240
1.368 3.745
2.573 0.483
1.298 1.040
1.694 0.997
4.526 4.757
5.120 5.694
3.693 2.383
6.092 5.727
5.025 5.858
5.428 5.313
3.975 5.886
2.284 1.168
2.277 1.295
5.445 2.120
5.159 5.127
5.902 1.077
4.131 4.337
1.424 3.169
4.226 2.416
4.754 6.007
3.583 3.564
1.207 1.188
5.579 1.369
3.941 3.331
5.086 5.356
0.293 5.932
0.987 1.680
5.236 5.385
1.687 3.398
0.525 3.301
0.482 1.865
2.348 5.248
3.500 0.472
2.472 2.662
5.462 2.063
5.493 5.359
3.413 1.023
0.854 0.381
5.961 1.152
4.351 3.329
6.280 2.401
3.355 2.573
3.327 4.586
1.546 1.341
6.148 0.079
4.286 2.176
4.326 1.098
5.777 3.121
3.049 2.677
0.235 2.414
1.352 6.175
5.610 1.633
6.132 3.604
2.245 2.542
5.720 4.909
3.212 1.752
3.663 6.062
0.885 5.681
4.951 5.963
6.064 5.668
5.895 2.538
0.110 4.647
1.116 5.086
4.421 0.447
6.131 1.017
3.367 3.054
5.382 1.588
3.985 0.497
2.341 1.137
3.661 5.404
5.351 2.634
2.901 5.689
3.214 2.111
0.976 2.488
4.043 5.980
6.032 6.107
5.135 2.430
3.266 6.177
5.192 4.265
0.356 2.872
2.898 5.530
6.012 0.785
5.401 2.551
5.245 3.423
4.082 1.962
3.273 3.908
3.417 3.792
2.831 1.099
2.972 5.751
3.689 3.303
2.377 1.674
4.181 2.550
4.004 4.471
2.564 3.852
5.003 4.983
3.537 5.733
5.458 0.387
2.870 3.457
0.521 3.492
0.079 5.182
0.994 0.125
1.982 1.232
0.905 5.867
4.240 0.296
1.499 0.263
0.920 4.373
5.916 0.336
2.809 0.834
0.726 0.448
2.717 5.228
4.824 4.213
5.313 5.619
0.461 1.857
2.290 0.298
4.827 1.712
4.193 1.469
3.120 3.576
1.140 1.784
4.239 3.563
2.038 4.287
2.924 2.835
1.189 3.872
4.180 2.879
5.429 2.977
3.456 5.303
0.688 5.466
3.590 6.053
2.318 3.093
4.553 4.796
1.017 4.556
2.305 4.066
4.524 3.194
1.569 5.178
0.244 3.702
3.537 4.858
3.693 3.571
2.801 2.530
3.319 3.596
0.840 1.709
2.707 0.505
4.934 5.545
3.620 3.300
3.834 2.215
0.502 2.457
2.446 5.427
3.154 2.989
4.317 6.217
1.862 0.092
1.495 5.272
0.346 3.320
6.241 2.607
3.491 3.875
4.222 0.009
4.865 5.779
2.371 3.904
0.714 4.202
0.623 1.124
3.134 3.434
1.481 1.243
0.877 2.061
1.582 4.256
1.954 0.936
3.515 1.012
1.188 1.881
1.228 5.225
0.737 0.126
6.135 3.545
2.516 5.107
3.900 3.046
3.612 1.409
2.149 3.690
5.192 2.765
3.852 1.329
6.083 3.798
2.465 3.769
5.179 6.102
0.557 6.075
5.251 6.253
1.787 0.433
0.278 5.513
0.341 0.845
2.434 3.627
3.267 5.514
6.180 4.760
2.990 4.762
5.749 2.624
1.138 6.248
5.386 4.786
2.994 2.480
2.634 0.095
1.115 5.420
1.870 0.821
6.111 1.141
4.039 4.479
1.973 4.054
4.640 5.133
4.330 6.233
6.175 0.705
0.120 1.633
3.326 0.182
0.899 3.510
4.065 5.588
4.530 2.568
3.153 4.398
4.896 2.477
1.753 2.421
3.416 1.045
3.938 5.250
0.301 3.539
0.945 1.265
3.602 2.507
1.895 5.802
1.325 6.201
1.643 3.014
4.059 1.963
0.964 3.219
2.068 5.628
4.478 3.398
3.273 4.415
1.551 4.694
5.525 2.277
3.723 0.187
2.413 5.818
5.170 5.814
3.428 5.544
5.105 2.061
5.328 1.097
0.611 5.756
1.250 2.142
3.632 2.807
4.186 4.833
4.005 6.040
2.714 1.111
5.981 5.477
1.350 5.756
4.259 2.528
5.717 1.096
5.993 4.344
0.750 3.164
0.173 2.131
2.197 5.649
2.530 0.108
4.324 3.981
0.010 0.936
5.157 5.581
5.675 1.068
3.845 0.592
3.509 1.788
1.119 1.955
3.956 2.485
4.068 0.075
3.539 4.425
5.883 5.104
1.859 0.269
6.173 6.013
0.771 5.005
0.610 5.252
5.461 3.809
0.075 2.438
0.132 5.627
3.428 1.875
4.002 1.339
5.279 4.815
4.001 0.899
0.713 1.325
4.409 3.376
5.679 4.512
5.524 2.643
1.604 2.856
5.729 0.618
0.236 0.065
5.843 1.169
5.794 5.322
0.570 2.490
2.181 5.959
4.534 3.611
2.159 4.734
1.978 2.736
4.169 2.302
2.800 5.489
5.512 1.583
4.736 3.364
4.810 0.324
3.640 4.249
3.302 1.022
5.641 3.048
6.142 1.855
4.009 3.954
4.763 1.242
0.148 3.583
4.290 3.293
3.313 1.046
0.601 3.881
0.993 3.407
2.791 4.537
5.650 5.638
1.334 3.631
2.626 4.190
1.845 0.768
3.392 0.867
2.670 4.951
5.864 5.147
5.999 6.019
5.231 4.292
3.638 3.651
3.300 2.397
1.261 0.314
4.129 4.598
4.190 3.701
0.798 4.688
0.995 0.354
0.075 1.540
6.149 5.928
0.519 1.069
0.586 4.844
5.363 2.917
4.370 0.598
0.669 2.883
6.113 0.766
4.996 4.819
0.929 2.673
3.661 6.235
5.543 2.192
6.123 4.071
3.859 2.336
4.550 5.095
6.203 3.746
0.898 1.176
1.575 3.585
4.680 0.814
6.254 4.355
1.099 0.883
1.270 4.633
2.114 1.403
5.651 5.791
4.618 4.764
2.836 0.161
1.491 2.360
3.151 2.200
1.084 5.023
4.593 1.274
2.818 3.155
1.114 4.944
2.845 4.996
3.040 2.313
1.801 3.144
6.024 0.536
4.113 1.376
5.370 0.356
1.190 2.277
0.322 3.700
5.651 5.435
0.142 3.642
4.400 3.798
1.372 0.878
0.833 1.881
2.144 5.187
0.754 5.743
5.177 3.738
3.415 3.527
4.351 4.338
2.147 3.991
1.827 3.508
1.435 6.133
4.371 5.944
1.792 1.539
2.106 3.875
4.406 5.605
2.124 6.031
4.859 3.875
0.454 2.704
1.301 6.238
0.610 0.568
6.064 5.225
4.851 4.736
4.083 1.243
3.700 5.125
0.145 5.215
4.813 2.928
0.574 3.892
3.445 2.878
4.993 5.104
0.197 4.040
2.272 1.441
0.205 1.316
6.232 2.021
3.767 0.914
5.274 5.796
1.754 4.064
5.358 4.433
4.709 1.689
5.982 5.485
2.446 2.577
5.929 2.503
3.751 1.036
2.478 4.751
5.711 6.199
0.415 2.977
2.825 1.355
1.035 0.262
2.273 3.218
2.128 1.832
2.331 6.218
5.800 3.406
5.003 3.368
4.822 2.411
1.207 5.120
2.465 2.271
0.574 2.681
5.908 2.752
1.275 5.253
1.724 4.034
3.680 2.210
1.920 0.016
4.809 1.418
6.026 4.494
1.388 1.282
2.870 2.502
6.232 0.072
0.937 2.906
5.945 3.630
6.152 3.283
0.563 5.102
1.470 3.407
1.238 5.368
2.403 3.306
4.233 5.133
6.274 5.023
2.352 4.430
6.010 0.583
2.776 1.408
3.226 2.640
2.618 1.775
2.259 3.759
1.269 4.781
3.359 1.263
4.577 1.248
4.623 2.860
1.541 4.193
1.882 2.052
6.193 5.137
4.611 4.708
2.952 1.867
3.616 4.339
1.856 2.065
3.013 5.622
6.082 4.113
3.853 4.825
0.050 0.621
5.256 3.905
2.431 1.148
2.746 6.072
5.329 5.631
5.382 1.091
1.045 6.153
0.008 5.431
4.251 5.325
5.310 3.379
3.722 3.091
4.623 2.804
4.329 4.497
0.449 3.958
5.002 5.844
1.367 5.907
4.952 4.168
4.385 2.297
5.904 3.591
1.788 4.502
5.216 1.229
0.611 3.194
1.975 5.554
2.642 4.151
1.569 5.379
3.598 0.386
1.133 3.509
0.445 3.477
3.879 2.731
5.456 0.528
2.046 0.957
1.553 4.893
4.404 4.401
3.437 4.006
6.071 3.897
2.738 0.432
0.483 0.929
1.105 5.181
0.357 2.580
3.011 3.111
2.618 0.396
1.111 5.079
6.031 3.056
4.765 3.703
4.935 4.244
5.759 3.301
3.927 3.295
2.483 0.510
1.957 5.912
6.256 1.731
3.315 3.340
4.091 3.710
5.786 6.118
0.297 3.190
4.050 1.984
2.331 0.609
2.408 3.484
4.415 6.117
2.975 1.236
2.515 0.622
0.499 1.427
5.107 0.721
2.774 0.463
2.487 2.071
5.606 1.714
2.812 0.966
0.713 5.365
1.009 1.361
4.074 5.762
4.944 3.574
2.450 3.191
5.496 1.362
1.540 4.423
1.362 2.577
3.161 1.398
4.413 0.781
2.112 0.220
5.777 2.541
2.979 0.147
1.194 5.915
2.030 5.318
4.687 5.202
3.069 2.741
3.283 3.224
1.066 2.537
5.462 2.375
0.868 0.711
3.315 1.284
6.168 6.164
3.845 3.137
5.133 4.063
1.518 0.191
4.269 4.439
4.123 0.236
2.825 0.188
4.150 5.012
2.836 4.787
2.837 1.582
1.108 5.126
3.105 2.162
1.560 0.531
1.451 3.743
0.465 0.107
5.700 3.692
0.724 5.637
4.439 0.501
4.704 6.214
2.299 1.647
0.351 3.276
2.764 1.309
6.084 3.035
4.816 5.192
3.852 3.759
5.249 0.867
4.329 2.207
4.931 3.300
4.432 5.473
4.111 3.017
2.683 2.382
5.023 1.510
5.248 1.246
1.789 1.849
0.986 2.709
0.459 5.858
2.461 2.733
2.449 4.121
5.048 0.408
2.748 3.696
2.289 1.252
2.256 5.892
3.016 5.888
1.253 4.588
3.870 2.706
2.182 5.316
2.016 1.569
0.708 4.070
0.937 2.474
2.288 5.735
6.000 0.593
3.315 3.885
1.913 2.487
2.114 5.033
5.094 3.758
5.897 5.631
6.059 1.502
3.520 5.780
2.995 4.299
2.003 5.543
0.565 3.633
5.865 3.781
5.243 0.240
4.849 4.222
0.082 1.757
5.571 5.734
2.230 3.476
0.541 2.462
2.670 4.645
5.229 6.101
5.942 1.853
2.544 2.686
3.746 2.638
5.882 3.676
2.329 1.621
5.955 5.295
4.229 4.171
0.300 4.413
4.905 3.480
4.862 5.479
2.070 6.154
5.536 1.222
2.146 1.973
0.843 5.692
0.993 0.837
4.931 0.638
4.768 3.980
4.286 1.471
3.288 5.949
5.536 2.068
4.955 0.483
0.774 5.017
2.266 5.900
0.099 3.468
3.696 0.449
2.966 2.093
3.756 2.815
2.196 0.965
0.075 3.233
2.290 4.427
0.132 4.336
3.085 3.604
1.833 4.733
0.857 1.619
5.473 3.417
3.474 3.454
4.907 2.933
5.297 3.424
3.259 4.768
0.397 4.294
5.600 2.420
2.301 0.568
0.526 0.407
2.381 2.283
3.183 3.824
1.570 1.495
1.182 4.648
5.868 5.328
1.521 3.457
2.111 4.012
5.428 1.368
3.134 0.524
0.841 1.737
5.593 3.394
2.830 3.986
2.317 0.444
0.919 4.435
5.142 5.207
4.929 0.904
2.310 2.307
0.010 4.065
1.031 3.590
0.931 3.804
0.919 2.023
0.667 5.875
3.689 0.508
4.810 2.092
0.060 4.716
4.370 5.820
6.077 2.156
0.013 0.862
5.219 6.213
3.494 4.668
4.256 0.760
4.339 4.426
2.057 5.153
5.975 4.060
0.931 4.482
2.943 3.914
2.621 2.401
3.598 5.703
1.123 2.693
3.915 2.179
0.255 3.774
2.604 5.866
0.037 3.442
5.064 1.005
3.135 4.096
4.915 1.302
0.460 3.553
6.133 3.899
4.589 6.202
4.941 5.062
3.963 3.913
2.863 0.779
1.548 4.656
3.984 2.115
0.289 3.918
5.081 2.787
5.128 1.312
2.506 0.089
0.499 4.866
0.438 3.851
4.747 0.694
4.726 4.266
4.884 1.763
1.024 5.199
1.862 4.972
2.330 1.138
2.723 3.334
5.658 2.704
3.839 4.362
3.791 5.162
5.143 3.935
5.810 0.421
5.200 3.631
6.228 4.278
4.188 4.477
2.906 1.412
1.111 2.093
0.670 3.537
0.844 1.327
3.503 5.562
4.182 2.658
5.945 5.534
2.310 2.821
1.135 0.199
5.361 1.908
2.316 3.643
5.473 5.860
4.845 0.008
3.531 1.649
5.642 5.795
0.766 0.881
2.326 4.147
1.238 5.421
3.750 0.578
5.214 0.688
1.685 0.402
2.078 0.793
5.807 1.143
5.799 2.952
1.449 3.823
5.098 4.128
3.319 2.552
1.961 2.226
2.564 2.368
1.076 1.032
5.723 3.381
3.522 3.918
1.339 5.369
0.547 1.571
3.863 5.615
3.212 0.150
5.245 4.748
4.676 5.243
4.094 0.676
5.590 4.244
5.904 4.823
5.762 5.639
4.723 4.728
5.267 4.001
6.171 5.965
5.308 2.629
6.095 3.725
0.825 3.193
2.558 4.754
4.894 0.210
4.274 0.651
3.592 5.067
0.397 5.033
0.124 0.458
0.367 4.215
5.172 5.475
3.461 4.895
6.157 2.250
3.134 0.215
1.546 1.557
1.167 2.199
0.375 0.315
2.002 1.085
4.915 0.006
2.754 4.708
0.359 2.908
1.652 3.688
3.669 5.137
2.879 3.100
3.085 1.707
4.767 2.066
1.971 1.231
2.289 4.196
5.700 4.628
0.918 4.455
3.466 4.710
1.892 0.633
3.133 1.477
4.650 5.823
4.751 4.230
6.034 0.539
0.815 1.909
4.202 5.860
6.127 1.021
4.773 4.245
0.653 5.613
4.324 4.351
4.865 3.014
1.351 2.264
4.873 1.343
5.883 3.869
6.210 4.063
5.733 4.879
5.194 5.353
4.120 5.777
1.409 4.842
0.760 1.079
2.983 3.254
4.349 4.223
4.194 2.860
5.451 3.087
1.742 0.494
5.703 0.299
0.232 1.554
3.078 6.044
4.726 0.030
3.915 0.163
1.893 6.256
3.270 2.144
2.899 5.909
1.155 4.068
2.745 3.912
2.497 5.220
0.788 1.037
2.055 1.972
3.337 4.030
1.865 5.954
0.570 1.837
2.624 3.063
2.799 3.445
5.446 2.985
4.867 1.989
4.384 5.122
3.655 3.084
1.136 3.673
5.630 0.160
0.426 0.469
5.533 5.881
5.892 0.365
4.750 3.488
5.534 1.979
2.429 0.245
2.151 3.010
1.428 4.016
0.127 1.455
0.505 1.667
0.751 0.117
5.236 3.429
0.759 3.803
5.542 5.259
1.337 2.026
3.591 5.144
6.102 4.079
4.167 3.813
2.450 2.261
1.659 1.539
2.724 2.046
5.557 2.689
1.624 6.130
5.254 0.276
3.534 0.514
5.171 0.344
2.117 5.261
4.795 0.606
4.564 2.084
6.212 0.323
4.545 4.206
2.228 6.061
0.242 2.926
5.573 1.213
4.905 3.309
2.323 3.245
1.681 5.475
2.614 6.160
4.480 0.957
0.320 0.858
0.039 4.349
4.453 1.161
1.675 1.875
4.852 5.249
1.334 4.332
5.493 2.424
2.582 0.903
0.152 6.270
2.590 1.989
4.356 5.061
4.759 1.225
3.746 2.460
0.193 6.122
2.601 3.499
1.668 4.432
5.526 4.418
3.210 5.798
0.490 3.170
6.156 3.605
5.803 0.740
1.880 0.852
1.869 0.992
4.270 4.542
0.339 4.419
1.075 1.241
5.676 2.636
0.447 4.063
0.832 3.479
3.583 4.771
0.324 1.377
2.101 6.243
4.139 2.325
1.301 5.049
0.341 4.928
3.110 5.571
4.482 1.696
3.227 5.455
2.286 1.957
3.887 2.553
5.552 3.883
0.940 5.725
1.712 4.086
3.339 1.017
5.907 2.639
2.382 2.222
4.529 1.454
3.589 6.259
1.026 0.157
5.181 4.204
0.263 4.312
3.668 0.887
6.066 1.506
3.555 3.436
5.274 2.410
5.915 0.231
6.269 1.066
4.985 1.056
4.683 3.693
4.484 1.411
2.709 4.090
3.868 2.095
4.329 0.811
5.431 4.132
2.237 2.787
2.287 2.533
2.926 5.318
2.763 0.005
4.896 5.107
3.381 1.004
5.450 2.334
4.529 6.040
0.380 5.564
0.296 0.992
2.797 0.902
3.301 1.347
5.562 2.409
5.380 1.620
5.104 0.460
0.220 0.297
2.181 4.910
4.518 2.186
4.962 5.716
0.950 0.118
1.227 2.540
3.963 4.420
0.921 0.784
3.027 0.221
4.196 4.496
4.194 0.068
4.620 0.061
3.956 3.258
4.069 0.589
4.748 2.418
1.874 3.588
0.001 4.642
4.803 1.196
4.498 3.493
1.253 5.986
3.154 2.348
0.667 5.928
0.179 4.277
1.496 4.213
2.080 0.709
2.336 4.696
1.561 4.789
4.692 2.864
2.384 2.320
1.121 5.506
0.470 3.010
2.928 2.891
3.753 2.428
0.612 3.755
0.974 5.436
3.982 2.000
2.497 5.565
4.827 3.828
4.668 3.492
5.163 5.580
0.146 0.987
4.904 5.216
1.943 0.677
2.084 5.222
0.230 2.315
0.005 5.513
2.789 5.256
5.997 3.595
3.192 5.024
3.972 0.596
3.543 4.785
4.422 6.091
1.074 5.795
0.314 1.844
3.901 3.912
3.611 5.685
5.287 5.004
0.828 5.927
4.203 2.510
3.409 4.776
3.133 0.073
4.431 1.021
5.904 1.339
1.884 5.957
2.295 0.608
4.567 3.954
2.149 3.398
0.745 1.024
5.812 3.208
5.205 0.106
0.099 2.959
5.472 4.891
6.240 6.264
2.880 3.960
0.296 3.208
1.002 0.393
3.468 1.411
5.702 2.031
1.069 1.767
2.950 4.094
5.914 5.367
5.198 5.726
4.621 1.944
6.041 2.978
6.165 6.231
0.810 4.288
2.443 4.121
4.648 5.048
4.237 2.034
5.440 5.459
4.894 5.518
3.475 1.208
5.398 4.566
2.373 4.509
4.998 2.158
5.233 5.190
3.926 0.738
4.070 5.615
2.872 1.574
2.464 5.422
1.038 4.734
4.674 4.037
0.582 0.115
2.696 5.989
2.878 4.662
6.151 1.549
4.739 1.026
3.913 4.780
3.664 0.017
4.865 1.155
1.651 3.575
5.464 0.319
2.208 0.599
1.875 4.682
2.497 4.746
1.283 4.767
5.879 2.532
1.303 3.225
0.428 5.932
6.073 0.936
2.472 2.454
6.203 3.251
1.634 1.505
2.053 5.809
3.898 2.988
5.704 1.560
3.189 3.946
3.963 3.709
0.712 4.038
3.822 5.727
3.997 0.831
4.318 4.684
5.713 3.421
4.792 5.282
4.190 2.106
5.456 3.894
0.524 0.345
3.241 2.550
0.501 2.790
1.484 4.723
3.311 3.293
2.581 1.450
0.435 5.648
4.889 5.434
5.581 4.096
4.123 0.487
2.582 3.177
3.642 4.842
5.833 6.111
2.103 4.762
5.644 2.356
1.981 1.843
3.743 5.418
4.382 0.377
5.056 1.148
3.790 6.008
1.639 5.305
5.525 4.652
3.409 1.177
5.086 0.643
2.587 4.890
1.914 0.531
4.430 3.058
6.160 2.018
4.960 1.963
2.877 1.446
5.585 2.386
1.991 5.160
4.302 2.358
0.419 1.812
2.347 2.673
5.708 0.929
5.163 2.240
3.295 0.333
1.110 5.512
4.273 3.954
3.532 6.248
2.339 3.047
4.604 3.132
3.329 0.643
1.262 5.266
1.742 0.109
5.744 2.234
4.028 1.709
5.363 3.778
5.294 0.194
5.503 5.913
4.792 0.368
1.792 3.511
3.155 0.664
1.821 5.422
4.959 5.827
2.773 2.560
4.836 4.406
3.728 2.821
2.093 5.494
2.010 0.957
2.095 5.144
2.413 3.251
0.628 3.841
1.991 5.184
2.057 3.022
1.162 3.522
1.946 5.223
2.141 2.519
1.655 3.295
4.811 5.964
5.746 5.666
1.268 5.387
3.953 5.405
4.075 0.021
2.625 6.050
4.276 3.132
4.483 1.610
2.588 0.086
4.625 1.955
1.613 0.036
0.138 1.331
1.851 5.533
2.366 0.547
2.690 0.585
2.124 4.569
0.808 2.035
5.388 0.758
6.137 0.859
6.270 0.190
1.907 3.181
0.594 5.772
5.069 2.342
1.426 0.869
5.625 0.465
4.086 4.475
2.460 5.750
2.289 1.161
1.753 0.050
2.979 4.271
0.894 5.297
4.355 3.785
5.039 2.205
1.696 2.754
0.777 5.239
2.111 1.519
2.803 4.255
5.227 5.867
3.364 0.390
0.528 0.179
4.294 4.193
0.882 3.365
2.873 5.108
2.790 0.562
1.987 1.031
0.139 1.306
2.549 1.366
1.638 0.958
1.752 3.291
1.024 5.349
1.772 4.422
1.974 2.124
5.268 1.122
3.543 3.336
4.088 0.690
1.133 0.349
2.297 3.107
1.077 3.328
5.494 5.414
2.514 5.434
6.117 6.143
6.233 3.957
4.273 0.878
3.454 5.891
0.937 3.070
6.067 0.447
5.041 0.190
0.008 4.996
3.514 0.319
1.212 3.253
6.122 2.000
5.571 4.536
3.280 0.275
2.887 0.166
3.967 1.742
4.286 3.451
0.912 1.643
